topic: /camera_pose
last_seen_unix: 1783373453.6469772
age_seconds: 0.036

position:
  x: -0.25433167815208435
  y: -0.9493486881256104
  z: 0.37697309255599976
orientation:
  x: 0.009175860569846815
  y: -0.007986382225274717
  z: 0.00903566924972347
  w: 0.9998851799611808
